    -----------------------------------------------------------------------
          Psi4: An Open-Source Ab Initio Electronic Structure Package
                              Psi4 (no tag) Driver

    J. M. Turney, A. C. Simmonett, R. M. Parrish, E. G. Hohenstein,
    F. A. Evangelista, J. T. Fermann, B. J. Mintz, L. A. Burns, J. J. Wilke,
    M. L. Abrams, N. J. Russ, M. L. Leininger, C. L. Janssen, E. T. Seidl,
    W. D. Allen, H. F. Schaefer, R. A. King, E. F. Valeev, C. D. Sherrill,
    and T. D. Crawford, WIREs Comput. Mol. Sci. 2, 556-565 (2012)
    (doi: 10.1002/wcms.93)

                         Additional Contributions by
    A. E. DePrince, M. Saitow, U. Bozkaya, A. Yu. Sokolov
    -----------------------------------------------------------------------


    Psi4 started on: Sun Nov 19 09:46:25 2017

    Process ID:   3811
    PSI4DATADIR: /usr/share/psi
    Memory level set to 256.000 MB

  ==> Input File <==

--------------------------------------------------------------------------
#! ADC/6-31G** on H2O

memory 250 mb

molecule he {
    He
    symmetry c1
}

set {
    reference rhf
    basis 6-311G
    guess core
    print 5
    SCF_TYPE PK
}

energy('scf')
--------------------------------------------------------------------------

  Memory set to 250.000 MiB by Python script.

*** tstart() called on ludger-InfinityBook13V3
*** at Sun Nov 19 09:46:25 2017

   => Loading Basis Set <=

    Role: BASIS
    Keyword: BASIS
    Name: 6-311G
    atoms 1 entry HE         line    30 file /usr/share/psi/basis/6-311g.gbs

    There are an even number of electrons - assuming singlet.
    Specify the multiplicity with the MULTP option in the
    input if this is incorrect


         ---------------------------------------------------------
                                   SCF
            by Justin Turney, Rob Parrish, and Andy Simmonett
                              RHF Reference
                        1 Threads,    250 MiB Core
         ---------------------------------------------------------

  ==> Geometry <==

    Molecular point group: c1
    Geometry (in Angstrom), charge = 0, multiplicity = 1:

       Center              X                  Y                   Z       
    ------------   -----------------  -----------------  -----------------
          HE          0.000000000000     0.000000000000     0.000000000000

          HE
              BASIS           6-311G               84676bb710f8f74614030af1abe8c38d41ba9244

  Running in c1 symmetry.

  Rotational constants: A = ************  B = ************  C = ************ [cm^-1]
  Rotational constants: A = ************  B = ************  C = ************ [MHz]
  Nuclear repulsion =    0.000000000000000

  Charge       = 0
  Multiplicity = 1
  Electrons    = 2
  Nalpha       = 1
  Nbeta        = 1

  ==> Algorithm <==

  SCF Algorithm Type is PK.
  DIIS enabled.
  MOM disabled.
  Fractional occupation disabled.
  Guess Type is CORE.
  Energy threshold   = 1.00e-06
  Density threshold  = 1.00e-06
  Integral threshold = 0.00e+00

  ==> Primary Basis <==

  -AO BASIS SET INFORMATION:
    Name                   = 6-311G
    Total number of shells = 3
    Number of primitives   = 5
    Number of AO           = 3
    Number of SO           = 3
    Maximum AM             = 0
    Spherical Harmonics    = TRUE

  -Contraction Scheme:
    Atom   Type   All Primitives // Shells:
   ------ ------ --------------------------
       1    HE     5s // 3s 

  ==> AO Basis Functions <==

    [ 6-311G ]
    spherical
    ****
   HE   1
    S   3 1.00
                        98.12430000           0.02874520
                        14.76890000           0.20806100
                         3.31883000           0.83763500
    S   1 1.00
                         0.87404700           1.00000000
    S   1 1.00
                         0.24456400           1.00000000
    ****

  ==> Pre-Iterations <==

   -------------------------------------------------------
    Irrep   Nso     Nmo     Nalpha   Nbeta   Ndocc  Nsocc
   -------------------------------------------------------
     A          3       3       0       0       0       0
   -------------------------------------------------------
    Total       3       3       1       1       1       0
   -------------------------------------------------------

  Starting with a DF guess...

   => Loading Basis Set <=

    Role: BASIS
    Keyword: BASIS
    Name: 6-311G
    atoms 1 entry HE         line    30 file /usr/share/psi/basis/6-311g.gbs

 OEINTS: Overlap, kinetic, potential, dipole, and quadrupole integrals
         stored in file 35.

  ==> Integral Setup <==

   => Loading Basis Set <=

    Role: BASIS
    Keyword: BASIS
    Name: 6-311G
    atoms 1 entry HE         line    30 file /usr/share/psi/basis/6-311g.gbs

   => Loading Basis Set <=

    Role: JKFIT
    Keyword: DF_BASIS_SCF
    Name: 
    atoms 1 entry HE         line    38 file /usr/share/psi/basis/def2-qzvpp-jkfit.gbs

  ==> DFJK: Density-Fitted J/K Matrices <==

    J tasked:                  Yes
    K tasked:                  Yes
    wK tasked:                  No
    OpenMP threads:              1
    Integrals threads:           1
    Memory (MB):               178
    Algorithm:                Core
    Integral Cache:           NONE
    Schwarz Cutoff:          1E-12
    Fitting Condition:       1E-12

   => Auxiliary Basis Set <=

  -AO BASIS SET INFORMATION:
    Name                   = 
    Total number of shells = 9
    Number of primitives   = 9
    Number of AO           = 25
    Number of SO           = 23
    Maximum AM             = 2
    Spherical Harmonics    = TRUE

  -Contraction Scheme:
    Atom   Type   All Primitives // Shells:
   ------ ------ --------------------------
       1    HE     4s 3p 2d // 4s 3p 2d 

  ==> AO Basis Functions <==

    [  ]
    spherical
    ****
   HE   1
    S   1 1.00
                        66.20502900           0.05303399
    S   1 1.00
                        13.17171360           0.39465220
    S   1 1.00
                         3.16223610           0.91729877
    S   1 1.00
                         0.81536220           1.00000000
    P   1 1.00
                         9.61288198           1.00000000
    P   1 1.00
                         3.20429397           1.00000000
    P   1 1.00
                         1.16431020           1.00000000
    D   1 1.00
                         7.67397990           1.00000000
    D   1 1.00
                         0.98779470           1.00000000
    ****

  ## One-electron Hamiltonion (Symmetry 0) ##
  Irrep: 1 Size: 3 x 3

                 1                   2                   3

    1    -0.44918903377369    -2.02535122005908    -1.30946560077463
    2    -2.02535122005908    -1.67271394845754    -1.36302752732999
    3    -1.30946560077463    -1.36302752732999    -1.21147856996300



  Minimum eigenvalue in the overlap matrix is 1.3570646361E-01.
  Using Symmetric Orthogonalization.
  ## S (Symmetry 0) ##
  Irrep: 1 Size: 3 x 3

                 1                   2                   3

    1     1.00000000000000     0.68047166700152     0.32859576219348
    2     0.68047166700152     1.00000000000000     0.75157417973132
    3     0.32859576219348     0.75157417973132     1.00000000000000



  ## X (Symmetry 0) ##
  Irrep: 1 Size: 3 x 3

                 1                   2                   3

    1     1.31656440585460    -0.64591442311557     0.15068229235364
    2    -0.64591442311557     1.85549835865421    -0.77140485104702
    3     0.15068229235364    -0.77140485104702     1.43667107409603



  SCF Guess: Core (One-Electron) Hamiltonian.

  ## C (Symmetry 0) ##
  Irrep: 1 Size: 3 x 3

                 1                   2                   3

    1    -0.33668486695002     0.18502960038806    -1.42325675031880
    2    -0.61588792145013     0.93624316356629     1.78865196504610
    3    -0.17082239822772    -1.42615551410761    -0.78657137656810



  ## C (Symmetry 0) ##
  Irrep: 1 Size: 3 x 3

                 1                   2                   3

    1    -0.33668486695002     0.18502960038806    -1.42325675031880
    2    -0.61588792145013     0.93624316356629     1.78865196504610
    3    -0.17082239822772    -1.42615551410761    -0.78657137656810



  ## SCF density (Symmetry 0) ##
  Irrep: 1 Size: 3 x 3

                 1                   2                   3

    1     0.11335669963315     0.20736014288956     0.05751331641938
    2     0.20736014288956     0.37931793178816     0.10520745178160
    3     0.05751331641938     0.10520745178160     0.02918029173627



  ## SCF density (Symmetry 0) ##
  Irrep: 1 Size: 3 x 3

                 1                   2                   3

    1     0.11335669963315     0.20736014288956     0.05751331641938
    2     0.20736014288956     0.37931793178816     0.10520745178160
    3     0.05751331641938     0.10520745178160     0.02918029173627



  ## F (Symmetry 0) ##
  Irrep: 1 Size: 3 x 3

                 1                   2                   3

    1    -0.44918903377369    -2.02535122005908    -1.30946560077463
    2    -2.02535122005908    -1.67271394845754    -1.36302752732999
    3    -1.30946560077463    -1.36302752732999    -1.21147856996300



  ## F (Symmetry 0) ##
  Irrep: 1 Size: 3 x 3

                 1                   2                   3

    1    -0.44918903377369    -2.02535122005908    -1.30946560077463
    2    -2.02535122005908    -1.67271394845754    -1.36302752732999
    3    -1.30946560077463    -1.36302752732999    -1.21147856996300



  ==> Iterations <==

                           Total Energy        Delta E     RMS |[F,P]|

  ## F (Symmetry 0) ##
  Irrep: 1 Size: 3 x 3

                 1                   2                   3

    1     1.49693626360676    -1.16276246877844    -1.06348880900234
    2    -1.16276246877844    -0.49223288559586    -0.58569000859416
    3    -1.06348880900234    -0.58569000859416    -0.24292824850083



  ## F (Symmetry 0) ##
  Irrep: 1 Size: 3 x 3

                 1                   2                   3

    1     1.49693626360676    -1.16276246877844    -1.06348880900234
    2    -1.16276246877844    -0.49223288559586    -0.58569000859416
    3    -1.06348880900234    -0.58569000859416    -0.24292824850083



    Occupation by irrep:
              A 
    DOCC [     1 ]

  ## C (Symmetry 0) ##
  Irrep: 1 Size: 3 x 3

                 1                   2                   3

    1     0.26561857890455     0.12240333719319    -1.44489329141139
    2     0.51305145768309     1.15488126812422     1.69061305551599
    3     0.36639259156579    -1.44084400098070    -0.68667270680849



  ## C (Symmetry 0) ##
  Irrep: 1 Size: 3 x 3

                 1                   2                   3

    1     0.26561857890455     0.12240333719319    -1.44489329141139
    2     0.51305145768309     1.15488126812422     1.69061305551599
    3     0.36639259156579    -1.44084400098070    -0.68667270680849



  ## SCF density (Symmetry 0) ##
  Irrep: 1 Size: 3 x 3

                 1                   2                   3

    1     0.07055322945927     0.13627599909469     0.09732067949286
    2     0.13627599909469     0.26322179823075     0.18797825318712
    3     0.09732067949286     0.18797825318712     0.13424353115430



  ## SCF density (Symmetry 0) ##
  Irrep: 1 Size: 3 x 3

                 1                   2                   3

    1     0.07055322945927     0.13627599909469     0.09732067949286
    2     0.13627599909469     0.26322179823075     0.18797825318712
    3     0.09732067949286     0.18797825318712     0.13424353115430



   @DF-RHF iter   1:    -2.75004159092775   -2.75004e+00   1.76779e-01 
  ## F (Symmetry 0) ##
  Irrep: 1 Size: 3 x 3

                 1                   2                   3

    1     1.39002439132687    -1.20196261408760    -1.10156178038452
    2    -1.20196261408760    -0.58544199433456    -0.68797700942821
    3    -1.10156178038452    -0.68797700942821    -0.35686086510861



  ## F (Symmetry 0) ##
  Irrep: 1 Size: 3 x 3

                 1                   2                   3

    1     1.39002439132687    -1.20196261408760    -1.10156178038452
    2    -1.20196261408760    -0.58544199433456    -0.68797700942821
    3    -1.10156178038452    -0.68797700942821    -0.35686086510861



DIIS coefficients:  -0.055  1.055 
  After DIIS:
  ## F (Symmetry 0) ##
  Irrep: 1 Size: 3 x 3

                 1                   2                   3

    1     1.38416433918352    -1.20411125193894    -1.10364863559334
    2    -1.20411125193894    -0.59055097078214    -0.69358356317844
    3    -1.10364863559334    -0.69358356317844    -0.36310573819813



  ## F (Symmetry 0) ##
  Irrep: 1 Size: 3 x 3

                 1                   2                   3

    1     1.38416433918352    -1.20411125193894    -1.10364863559334
    2    -1.20411125193894    -0.59055097078214    -0.69358356317844
    3    -1.10364863559334    -0.69358356317844    -0.36310573819813



    Occupation by irrep:
              A 
    DOCC [     1 ]

  ## C (Symmetry 0) ##
  Irrep: 1 Size: 3 x 3

                 1                   2                   3

    1     0.26306438335829     0.13743288629284    -1.44400892031680
    2     0.49069230472738     1.15300943174304     1.69850974609185
    3     0.39422524959357    -1.42872294280910    -0.69651387485524



  ## C (Symmetry 0) ##
  Irrep: 1 Size: 3 x 3

                 1                   2                   3

    1     0.26306438335829     0.13743288629284    -1.44400892031680
    2     0.49069230472738     1.15300943174304     1.69850974609185
    3     0.39422524959357    -1.42872294280910    -0.69651387485524



  ## SCF density (Symmetry 0) ##
  Irrep: 1 Size: 3 x 3

                 1                   2                   3

    1     0.06920286979168     0.12908366856177     0.10370662218860
    2     0.12908366856177     0.24077893791867     0.19344329630480
    3     0.10370662218860     0.19344329630480     0.15541354741711



  ## SCF density (Symmetry 0) ##
  Irrep: 1 Size: 3 x 3

                 1                   2                   3

    1     0.06920286979168     0.12908366856177     0.10370662218860
    2     0.12908366856177     0.24077893791867     0.19344329630480
    3     0.10370662218860     0.19344329630480     0.15541354741711



   @DF-RHF iter   2:    -2.85854129939373   -1.08500e-01   1.51564e-02 DIIS
  ## F (Symmetry 0) ##
  Irrep: 1 Size: 3 x 3

                 1                   2                   3

    1     1.37537030866789    -1.20613443091598    -1.10524453051234
    2    -1.20613443091598    -0.59347850729758    -0.69812997558953
    3    -1.10524453051234    -0.69812997558953    -0.37014343398732



  ## F (Symmetry 0) ##
  Irrep: 1 Size: 3 x 3

                 1                   2                   3

    1     1.37537030866789    -1.20613443091598    -1.10524453051234
    2    -1.20613443091598    -0.59347850729758    -0.69812997558953
    3    -1.10524453051234    -0.69812997558953    -0.37014343398732



DIIS coefficients:  0.013  -0.205  1.192 
  After DIIS:
  ## F (Symmetry 0) ##
  Irrep: 1 Size: 3 x 3

                 1                   2                   3

    1     1.37391318921109    -1.20643783617556    -1.10546827370041
    2    -1.20643783617556    -0.59383802446567    -0.69878083723168
    3    -1.10546827370041    -0.69878083723168    -0.37124770984407



  ## F (Symmetry 0) ##
  Irrep: 1 Size: 3 x 3

                 1                   2                   3

    1     1.37391318921109    -1.20643783617556    -1.10546827370041
    2    -1.20643783617556    -0.59383802446567    -0.69878083723168
    3    -1.10546827370041    -0.69878083723168    -0.37124770984407



    Occupation by irrep:
              A 
    DOCC [     1 ]

  ## C (Symmetry 0) ##
  Irrep: 1 Size: 3 x 3

                 1                   2                   3

    1     0.26352987752359     0.13900028302161    -1.44377399718698
    2     0.48762011232505     1.15269829125584     1.69960534259222
    3     0.39731845673990    -1.42745078721374    -0.69736408468516



  ## C (Symmetry 0) ##
  Irrep: 1 Size: 3 x 3

                 1                   2                   3

    1     0.26352987752359     0.13900028302161    -1.44377399718698
    2     0.48762011232505     1.15269829125584     1.69960534259222
    3     0.39731845673990    -1.42745078721374    -0.69736408468516



  ## SCF density (Symmetry 0) ##
  Irrep: 1 Size: 3 x 3

                 1                   2                   3

    1     0.06944799634760     0.12850246847906     0.10470528424253
    2     0.12850246847906     0.23777337394389     0.19374047050433
    3     0.10470528424253     0.19374047050433     0.15786195606618



  ## SCF density (Symmetry 0) ##
  Irrep: 1 Size: 3 x 3

                 1                   2                   3

    1     0.06944799634760     0.12850246847906     0.10470528424253
    2     0.12850246847906     0.23777337394389     0.19374047050433
    3     0.10470528424253     0.19374047050433     0.15786195606618



   @DF-RHF iter   3:    -2.85990360791499   -1.36231e-03   1.98337e-03 DIIS
  ## F (Symmetry 0) ##
  Irrep: 1 Size: 3 x 3

                 1                   2                   3

    1     1.37396092009080    -1.20651657981106    -1.10562362552413
    2    -1.20651657981106    -0.59396537165093    -0.69892624775727
    3    -1.10562362552413    -0.69892624775727    -0.37133764859713



  ## F (Symmetry 0) ##
  Irrep: 1 Size: 3 x 3

                 1                   2                   3

    1     1.37396092009080    -1.20651657981106    -1.10562362552413
    2    -1.20651657981106    -0.59396537165093    -0.69892624775727
    3    -1.10562362552413    -0.69892624775727    -0.37133764859713



DIIS coefficients:  0.000  -0.001  0.003  0.998 
  After DIIS:
  ## F (Symmetry 0) ##
  Irrep: 1 Size: 3 x 3

                 1                   2                   3

    1     1.37394268270148    -1.20652180169598    -1.10562815175911
    2    -1.20652180169598    -0.59397589905421    -0.69893920949096
    3    -1.10562815175911    -0.69893920949096    -0.37135432660676



  ## F (Symmetry 0) ##
  Irrep: 1 Size: 3 x 3

                 1                   2                   3

    1     1.37394268270148    -1.20652180169598    -1.10562815175911
    2    -1.20652180169598    -0.59397589905421    -0.69893920949096
    3    -1.10562815175911    -0.69893920949096    -0.37135432660676



    Occupation by irrep:
              A 
    DOCC [     1 ]

  ## C (Symmetry 0) ##
  Irrep: 1 Size: 3 x 3

                 1                   2                   3

    1     0.26352526682444     0.13898955602872    -1.44377587147071
    2     0.48759404083311     1.15273001054288     1.69959130949588
    3     0.39735199426827    -1.42744950633257    -0.69734759776886



  ## C (Symmetry 0) ##
  Irrep: 1 Size: 3 x 3

                 1                   2                   3

    1     0.26352526682444     0.13898955602872    -1.44377587147071
    2     0.48759404083311     1.15273001054288     1.69959130949588
    3     0.39735199426827    -1.42744950633257    -0.69734759776886



  ## SCF density (Symmetry 0) ##
  Irrep: 1 Size: 3 x 3

                 1                   2                   3

    1     0.06944556625489     0.12849334971255     0.10471229031277
    2     0.12849334971255     0.23774794865596     0.19374646451836
    3     0.10471229031277     0.19374646451836     0.15788860734897



  ## SCF density (Symmetry 0) ##
  Irrep: 1 Size: 3 x 3

                 1                   2                   3

    1     0.06944556625489     0.12849334971255     0.10471229031277
    2     0.12849334971255     0.23774794865596     0.19374646451836
    3     0.10471229031277     0.19374646451836     0.15788860734897



   @DF-RHF iter   4:    -2.85991787643402   -1.42685e-05   1.77565e-05 DIIS
  ## F (Symmetry 0) ##
  Irrep: 1 Size: 3 x 3

                 1                   2                   3

    1     1.37394237834581    -1.20652180196740    -1.10562794941839
    2    -1.20652180196740    -0.59397581395312    -0.69893901582534
    3    -1.10562794941839    -0.69893901582534    -0.37135422966179



  ## F (Symmetry 0) ##
  Irrep: 1 Size: 3 x 3

                 1                   2                   3

    1     1.37394237834581    -1.20652180196740    -1.10562794941839
    2    -1.20652180196740    -0.59397581395312    -0.69893901582534
    3    -1.10562794941839    -0.69893901582534    -0.37135422966179



DIIS coefficients:  -0.000  0.000  -0.000  0.003  0.997 
  After DIIS:
  ## F (Symmetry 0) ##
  Irrep: 1 Size: 3 x 3

                 1                   2                   3

    1     1.37394244398595    -1.20652178322345    -1.10562793421033
    2    -1.20652178322345    -0.59397577370131    -0.69893896839382
    3    -1.10562793421033    -0.69893896839382    -0.37135416980813



  ## F (Symmetry 0) ##
  Irrep: 1 Size: 3 x 3

                 1                   2                   3

    1     1.37394244398595    -1.20652178322345    -1.10562793421033
    2    -1.20652178322345    -0.59397577370131    -0.69893896839382
    3    -1.10562793421033    -0.69893896839382    -0.37135416980813



    Occupation by irrep:
              A 
    DOCC [     1 ]

  ## C (Symmetry 0) ##
  Irrep: 1 Size: 3 x 3

                 1                   2                   3

    1     0.26352529103300     0.13898955268140    -1.44377586737428
    2     0.48759412334312     1.15272994720351     1.69959132878392
    3     0.39735187992245    -1.42744953072431    -0.69734761299449



  ## C (Symmetry 0) ##
  Irrep: 1 Size: 3 x 3

                 1                   2                   3

    1     0.26352529103300     0.13898955268140    -1.44377586737428
    2     0.48759412334312     1.15272994720351     1.69959132878392
    3     0.39735187992245    -1.42744953072431    -0.69734761299449



  ## SCF density (Symmetry 0) ##
  Irrep: 1 Size: 3 x 3

                 1                   2                   3

    1     0.06944557901403     0.12849338325997     0.10471226979907
    2     0.12849338325997     0.23774802911874     0.19374644154953
    3     0.10471226979907     0.19374644154953     0.15788851647791



  ## SCF density (Symmetry 0) ##
  Irrep: 1 Size: 3 x 3

                 1                   2                   3

    1     0.06944557901403     0.12849338325997     0.10471226979907
    2     0.12849338325997     0.23774802911874     0.19374644154953
    3     0.10471226979907     0.19374644154953     0.15788851647791



   @DF-RHF iter   5:    -2.85991787818693   -1.75291e-09   6.96377e-08 DIIS

  DF guess converged.

  ==> Integral Setup <==

   => Loading Basis Set <=

    Role: BASIS
    Keyword: BASIS
    Name: 6-311G
    atoms 1 entry HE         line    30 file /usr/share/psi/basis/6-311g.gbs

   => Loading Basis Set <=

    Role: BASIS
    Keyword: BASIS
    Name: 6-311G
    atoms 1 entry HE         line    30 file /usr/share/psi/basis/6-311g.gbs

 MINTS: Wrapper to libmints.
   by Justin Turney

   Calculation information:
      Number of atoms:                   1
      Number of AO shells:               3
      Number of SO shells:               3
      Number of primitives:              5
      Number of atomic orbitals:         3
      Number of basis functions:         3

      Number of irreps:                  1
      Integral cutoff                 0.00e+00
      Number of functions per irrep: [   3 ]

 OEINTS: Overlap, kinetic, potential, dipole, and quadrupole integrals
         stored in file 35.

      Computing two-electron integrals...done
      Computed 21 non-zero two-electron integrals.
        Stored in file 33.

	Batch   1 pq = [       0,       6] index = [             0,21]
  ==> DiskJK: Disk-Based J/K Matrices <==

    J tasked:                  Yes
    K tasked:                  Yes
    wK tasked:                  No
    Memory (MB):               178
    Schwarz Cutoff:          1E-12

  ## F (Symmetry 0) ##
  Irrep: 1 Size: 3 x 3

                 1                   2                   3

    1     1.37353369924603    -1.20622279354170    -1.10582930078775
    2    -1.20622279354170    -0.59444845710449    -0.69838270023474
    3    -1.10582930078775    -0.69838270023474    -0.37190505818721



  ## F (Symmetry 0) ##
  Irrep: 1 Size: 3 x 3

                 1                   2                   3

    1     1.37353369924603    -1.20622279354170    -1.10582930078775
    2    -1.20622279354170    -0.59444845710449    -0.69838270023474
    3    -1.10582930078775    -0.69838270023474    -0.37190505818721



DIIS coefficients:  1.000 
  After DIIS:
  ## F (Symmetry 0) ##
  Irrep: 1 Size: 3 x 3

                 1                   2                   3

    1     1.37353369924603    -1.20622279354170    -1.10582930078775
    2    -1.20622279354170    -0.59444845710449    -0.69838270023474
    3    -1.10582930078775    -0.69838270023474    -0.37190505818721



  ## F (Symmetry 0) ##
  Irrep: 1 Size: 3 x 3

                 1                   2                   3

    1     1.37353369924603    -1.20622279354170    -1.10582930078775
    2    -1.20622279354170    -0.59444845710449    -0.69838270023474
    3    -1.10582930078775    -0.69838270023474    -0.37190505818721



    Occupation by irrep:
              A 
    DOCC [     1 ]

  ## C (Symmetry 0) ##
  Irrep: 1 Size: 3 x 3

                 1                   2                   3

    1     0.26355506416410     0.13794477405096    -1.44387063043973
    2     0.48750235152606     1.15399388433501     1.69875972914065
    3     0.39743066273885    -1.42794211801800    -0.69629343562702



  ## C (Symmetry 0) ##
  Irrep: 1 Size: 3 x 3

                 1                   2                   3

    1     0.26355506416410     0.13794477405096    -1.44387063043973
    2     0.48750235152606     1.15399388433501     1.69875972914065
    3     0.39743066273885    -1.42794211801800    -0.69629343562702



  ## SCF density (Symmetry 0) ##
  Irrep: 1 Size: 3 x 3

                 1                   2                   3

    1     0.06946127184654     0.12848371353660     0.10474486381892
    2     0.12848371353660     0.23765854274343     0.19374838265375
    3     0.10474486381892     0.19374838265375     0.15795113168504



  ## SCF density (Symmetry 0) ##
  Irrep: 1 Size: 3 x 3

                 1                   2                   3

    1     0.06946127184654     0.12848371353660     0.10474486381892
    2     0.12848371353660     0.23765854274343     0.19374838265375
    3     0.10474486381892     0.19374838265375     0.15795113168504



   @RHF iter   6:    -2.85989540678380    2.24714e-05   9.14843e-05 DIIS
  ## F (Symmetry 0) ##
  Irrep: 1 Size: 3 x 3

                 1                   2                   3

    1     1.37350409493324    -1.20623035997868    -1.10583856326782
    2    -1.20623035997868    -0.59445185526687    -0.69839551319679
    3    -1.10583856326782    -0.69839551319679    -0.37192779496854



  ## F (Symmetry 0) ##
  Irrep: 1 Size: 3 x 3

                 1                   2                   3

    1     1.37350409493324    -1.20623035997868    -1.10583856326782
    2    -1.20623035997868    -0.59445185526687    -0.69839551319679
    3    -1.10583856326782    -0.69839551319679    -0.37192779496854



DIIS coefficients:  -0.133  1.133 
  After DIIS:
  ## F (Symmetry 0) ##
  Irrep: 1 Size: 3 x 3

                 1                   2                   3

    1     1.37350014482133    -1.20623136957052    -1.10583979916319
    2    -1.20623136957052    -0.59445230868465    -0.69839722283397
    3    -1.10583979916319    -0.69839722283397    -0.37193082874376



  ## F (Symmetry 0) ##
  Irrep: 1 Size: 3 x 3

                 1                   2                   3

    1     1.37350014482133    -1.20623136957052    -1.10583979916319
    2    -1.20623136957052    -0.59445230868465    -0.69839722283397
    3    -1.10583979916319    -0.69839722283397    -0.37193082874376



    Occupation by irrep:
              A 
    DOCC [     1 ]

  ## C (Symmetry 0) ##
  Irrep: 1 Size: 3 x 3

                 1                   2                   3

    1     0.26355827883965     0.13795019201627    -1.44386952601636
    2     0.48748735519216     1.15399430487964     1.69876374696694
    3     0.39744494506572    -1.42793720209061    -0.69629536485561



  ## C (Symmetry 0) ##
  Irrep: 1 Size: 3 x 3

                 1                   2                   3

    1     0.26355827883965     0.13795019201627    -1.44386952601636
    2     0.48748735519216     1.15399430487964     1.69876374696694
    3     0.39744494506572    -1.42793720209061    -0.69629536485561



  ## SCF density (Symmetry 0) ##
  Irrep: 1 Size: 3 x 3

                 1                   2                   3

    1     0.06946296634492     0.12848132829054     0.10474990565504
    2     0.12848132829054     0.23764392147224     0.19374938510458
    3     0.10474990565504     0.19374938510458     0.15796248435829



  ## SCF density (Symmetry 0) ##
  Irrep: 1 Size: 3 x 3

                 1                   2                   3

    1     0.06946296634492     0.12848132829054     0.10474990565504
    2     0.12848132829054     0.23764392147224     0.19374938510458
    3     0.10474990565504     0.19374938510458     0.15796248435829



   @RHF iter   7:    -2.85989542421579   -1.74320e-08   1.10401e-05 DIIS
  ## F (Symmetry 0) ##
  Irrep: 1 Size: 3 x 3

                 1                   2                   3

    1     1.37349799094212    -1.20623197856945    -1.10584029268821
    2    -1.20623197856945    -0.59445363058955    -0.69839876474594
    3    -1.10584029268821    -0.69839876474594    -0.37193275567056



  ## F (Symmetry 0) ##
  Irrep: 1 Size: 3 x 3

                 1                   2                   3

    1     1.37349799094212    -1.20623197856945    -1.10584029268821
    2    -1.20623197856945    -0.59445363058955    -0.69839876474594
    3    -1.10584029268821    -0.69839876474594    -0.37193275567056



DIIS coefficients:  0.009  -0.100  1.091 
  After DIIS:
  ## F (Symmetry 0) ##
  Irrep: 1 Size: 3 x 3

                 1                   2                   3

    1     1.37349770807120    -1.20623205619752    -1.10584036475636
    2    -1.20623205619752    -0.59445376098230    -0.69839894272972
    3    -1.10584036475636    -0.69839894272972    -0.37193299776995



  ## F (Symmetry 0) ##
  Irrep: 1 Size: 3 x 3

                 1                   2                   3

    1     1.37349770807120    -1.20623205619752    -1.10584036475636
    2    -1.20623205619752    -0.59445376098230    -0.69839894272972
    3    -1.10584036475636    -0.69839894272972    -0.37193299776995



    Occupation by irrep:
              A 
    DOCC [     1 ]

  ## C (Symmetry 0) ##
  Irrep: 1 Size: 3 x 3

                 1                   2                   3

    1     0.26355829688222     0.13795053053739    -1.44386949037991
    2     0.48748683601801     1.15399420831382     1.69876396155068
    3     0.39744551911159    -1.42793693657117    -0.69629558170788



  ## C (Symmetry 0) ##
  Irrep: 1 Size: 3 x 3

                 1                   2                   3

    1     0.26355829688222     0.13795053053739    -1.44386949037991
    2     0.48748683601801     1.15399420831382     1.69876396155068
    3     0.39744551911159    -1.42793693657117    -0.69629558170788



  ## SCF density (Symmetry 0) ##
  Irrep: 1 Size: 3 x 3

                 1                   2                   3

    1     0.06946297585546     0.12848120025341     0.10475006412052
    2     0.12848120025341     0.23764341529085     0.19374945860124
    3     0.10475006412052     0.19374945860124     0.15796294066188



  ## SCF density (Symmetry 0) ##
  Irrep: 1 Size: 3 x 3

                 1                   2                   3

    1     0.06946297585546     0.12848120025341     0.10475006412052
    2     0.12848120025341     0.23764341529085     0.19374945860124
    3     0.10475006412052     0.19374945860124     0.15796294066188



   @RHF iter   8:    -2.85989542456875   -3.52956e-10   2.97491e-07 DIIS

  ==> Post-Iterations <==

    Orbital Energies (a.u.)
    -----------------------

    Doubly Occupied:                                                      

       1A     -0.916871  

    Virtual:                                                              

       2A      0.829434     3A      6.313546  

    Final Occupation by Irrep:
              A 
    DOCC [     1 ]

  Energy converged.

  @RHF Final Energy:    -2.85989542456875

   => Energetics <=

    Nuclear Repulsion Energy =              0.0000000000000000
    One-Electron Energy =                  -3.8860487730070830
    Two-Electron Energy =                   1.0261533484383325
    DFT Exchange-Correlation Energy =       0.0000000000000000
    Empirical Dispersion Energy =           0.0000000000000000
    PCM Polarization Energy =               0.0000000000000000
    EFP Energy =                            0.0000000000000000
    Total Energy =                         -2.8598954245687507

    Alert: EFP and PCM quantities not currently incorporated into SCF psivars.

Properties will be evaluated at   0.000000,   0.000000,   0.000000 Bohr
  ==> Properties <==


Properties computed using the SCF density matrix

  ## SO Dipole x (Symmetry 0) ##
  Irrep: 1 Size: 3 x 3

                 1                   2                   3

    1     0.00000000000000     0.00000000000000     0.00000000000000
    2     0.00000000000000     0.00000000000000     0.00000000000000
    3     0.00000000000000     0.00000000000000     0.00000000000000



  ## SO Dipole y (Symmetry 0) ##
  Irrep: 1 Size: 3 x 3

                 1                   2                   3

    1     0.00000000000000     0.00000000000000     0.00000000000000
    2     0.00000000000000     0.00000000000000     0.00000000000000
    3     0.00000000000000     0.00000000000000     0.00000000000000



  ## SO Dipole z (Symmetry 0) ##
  Irrep: 1 Size: 3 x 3

                 1                   2                   3

    1     0.00000000000000     0.00000000000000     0.00000000000000
    2     0.00000000000000     0.00000000000000     0.00000000000000
    3     0.00000000000000     0.00000000000000     0.00000000000000



  Nuclear Dipole Moment: (a.u.)
     X:     0.0000      Y:     0.0000      Z:     0.0000

  Electronic Dipole Moment: (a.u.)
     X:     0.0000      Y:     0.0000      Z:     0.0000

  Dipole Moment: (a.u.)
     X:     0.0000      Y:     0.0000      Z:     0.0000     Total:     0.0000

  Dipole Moment: (Debye)
     X:     0.0000      Y:     0.0000      Z:     0.0000     Total:     0.0000

  ## SO Quadrupole x2 (Symmetry 0) ##
  Irrep: 1 Size: 3 x 3

                 1                   2                   3

    1    -0.06022966151494    -0.07522634611951    -0.04314863673582
    2    -0.07522634611951    -0.28602580868077    -0.33594081397882
    3    -0.04314863673582    -0.33594081397882    -1.02222731064261



  ## SO Quadrupole xy (Symmetry 0) ##
  Irrep: 1 Size: 3 x 3

                 1                   2                   3

    1     0.00000000000000     0.00000000000000     0.00000000000000
    2     0.00000000000000     0.00000000000000     0.00000000000000
    3     0.00000000000000     0.00000000000000     0.00000000000000



  ## SO Quadrupole xz (Symmetry 0) ##
  Irrep: 1 Size: 3 x 3

                 1                   2                   3

    1     0.00000000000000     0.00000000000000     0.00000000000000
    2     0.00000000000000     0.00000000000000     0.00000000000000
    3     0.00000000000000     0.00000000000000     0.00000000000000



  ## SO Quadrupole y2 (Symmetry 0) ##
  Irrep: 1 Size: 3 x 3

                 1                   2                   3

    1    -0.06022966151494    -0.07522634611951    -0.04314863673582
    2    -0.07522634611951    -0.28602580868077    -0.33594081397882
    3    -0.04314863673582    -0.33594081397882    -1.02222731064261



  ## SO Quadrupole yz (Symmetry 0) ##
  Irrep: 1 Size: 3 x 3

                 1                   2                   3

    1     0.00000000000000     0.00000000000000     0.00000000000000
    2     0.00000000000000     0.00000000000000     0.00000000000000
    3     0.00000000000000     0.00000000000000     0.00000000000000



  ## SO Quadrupole z2 (Symmetry 0) ##
  Irrep: 1 Size: 3 x 3

                 1                   2                   3

    1    -0.06022966151494    -0.07522634611951    -0.04314863673582
    2    -0.07522634611951    -0.28602580868077    -0.33594081397882
    3    -0.04314863673582    -0.33594081397882    -1.02222731064261



  Quadrupole Moment: (Debye Ang)
    XX:    -1.0550     YY:    -1.0550     ZZ:    -1.0550
    XY:     0.0000     XZ:     0.0000     YZ:     0.0000

  Traceless Quadrupole Moment: (Debye Ang)
    XX:     0.0000     YY:     0.0000     ZZ:     0.0000
    XY:     0.0000     XZ:     0.0000     YZ:     0.0000

  Mulliken Charges: (a.u.)
   Center  Symbol    Alpha    Beta     Spin     Total
       1    HE     1.00000  1.00000  0.00000  0.00000

   Total alpha =  1.00000, Total beta =  1.00000, Total charge =  0.00000



  Lowdin Charges [a.u.]:

   Center  Symbol    Alpha    Beta     Spin     Total
       1    HE     1.00000  1.00000  0.00000 -0.00000

  Total alpha =  1.00000, Total beta =  1.00000, Total charge = -0.00000


  Mayer Bond Indices:

  Irrep: 1 Size: 1 x 1

                 1

    1     0.00000000000000



  Atomic Valences: 

 #  #
 Irrep: 1
      1:  0.0000000



  Wiberg Bond Indices using Orthogonal Lowdin Orbitals:

  Irrep: 1 Size: 1 x 1

                 1

    1     0.00000000000000



  Atomic Valences: 

 #  #
 Irrep: 1
      1:  0.0000000


  Saving occupied orbitals to File 180.
   => Loading Basis Set <=

    Role: BASIS
    Keyword: BASIS
    Name: 6-311G
    atoms 1 entry HE         line    30 file /usr/share/psi/basis/6-311g.gbs


*** tstop() called on ludger-InfinityBook13V3 at Sun Nov 19 09:46:26 2017
Module time:
	user time   =       0.12 seconds =       0.00 minutes
	system time =       0.03 seconds =       0.00 minutes
	total time  =          1 seconds =       0.02 minutes
Total time:
	user time   =       0.12 seconds =       0.00 minutes
	system time =       0.03 seconds =       0.00 minutes
	total time  =          1 seconds =       0.02 minutes

*** PSI4 exiting successfully. Buy a developer a beer!
